51714
51275
37366
4195
50743
51250
51514
21569
17493
11940
440
39548
5802
30977
43040
40635
17436
35796
1758
48117
17384
41432
56189
64930
58037
2454
14771
43332
40816
27986
38547
26995
13726
10377
31190
64469
61628
17168
20502
13585
29108
20942
53133
34910
51919
30638
10009
3819
898
11767
51937
18283
53199
42590
17677
45700
45044
32448
23497
20325
60435
62044
47320
8625
6885
12974
7558
2977
30142
28060
16563
59250
49002
4160
28624
35385
34798
38633
39204
35697
50401
25605
53980
38064
2660
6121
18229
47704
38570
41726
2493
33469
38234
49813
42094
45119
62787
49652
48097
27393
12176
64660
21107
61178
3284
49731
31027
38083
22829
4695
8244
7694
30301
62224
45758
32961
2809
63987
15129
41379
40177
17623
9312
12875
1900
51406
57995
64688
35522
40556
26545
47698
39680
47653
43340
42964
31848
8831
15511
54677
13527
23755
62371
43828
20443
42594
11253
23253
41045
26382
64632
15687
44005
8409
28562
45906
59815
21021
45058
29802
61577
6067
11964
35721
53720
55305
13150
20033
64136
28661
9174
12127
52417
6010
55955
7324
48604
1672
30577
24113
28055
29674
39800
6524
38083
2827
52430
32362
23848
31952
62164
19890
38020
8593
55611
26204
63898
3225
46237
62498
31887
55412
9090
18768
61422
65045
26092
44490
1182
56670
3067
29237
20808
42868
35761
58891
45695
22656
25717
4007
54608
22346
23897
27092
30939
13973
53297
29301
17198
33998
26263
49085
23874
35353
2317
19760
34863
28410
64250
36045
19544
1782
65282
40352
44650
35507
33707
24809
58163
59424
28816
47236
16234
52714
8792
47173
1151
62089
10938
18349
30552
37202
1899
54426
7019
4216
8651
41882
32626
7365
12391
52170
9147
12137
26986
53797
47645
60693
13070
40272
54582
41887
21972
5280
29065
30765
52454
30216
27318
63392
48565
57870
35058
50464
46761
42078
54681
55412
18424
21771
62777
30816
8406
6389
42953
35392
60186
25062
30550
7721
65335
19596
49608
21771
24876
13137
52536
11794
43353
14319
9651
26382
6653
44709
11311
53414
21251
456
43290
39676
22227
40532
4956
30633
46921
47909
490
41571
7436
31040
49292
7235
50636
33364
29006
9976
46501
16007
21771
24318
30326
31422
50701
36979
10595
62012
24858
31847
62468
2612
5987
19159
43144
10943
49793
24529
58852
50283
565
752
15787
49857
7987
887
17686
36994
10863
64187
53001
32634
22970
17791
64056
8135
54770
9116
4611
14092
40963
1543
16705
46950
20702
59849
57893
4959
18843
51209
55242
19408
51962
5493
3729
59949
6380
21415
31407
17244
20067
18872
49878
43037
36663
48399
51172
25898
57515
55783
39990
32942
57326
56695
14356
12492
51009
6713
17452
4316
57922
7158
23724
44348
12652
27453
38762
19032
48869
4633
36276
3400
23506
20619
46437
60169
3482
32073
20531
60997
22320
60522
28403
14110
51681
42759
26602
37154
49472
44054
41470
41858
51213
65194
20671
63865
27112
59433
17361
10445
64066
53638
13845
22036
8721
60282
16670
12203
26819
37201
7664
49139
32187
36067
63249
18333
13290
24315
55487
62762
2834
31422
39084
54047
31080
59755
52376
58192
53652
4201
3101
52183
57839
16946
8683
1024
11692
25353
13227
38511
62555
20891
22114
29206
56958
19827
47539
4712
44143
37491
1938
46977
3377
41023
35488
34457
35242
22328
27114
23359
26529
30215
10006
18833
47162
18689
19857
58854
44043
33085
31830
41062
53976
53944
4732
45399
8236
52272
50111
52379
24227
52050
33820
27604
27537
3772
62061
62779
26100
23639
20602
52629
53855
30608
5926
35481
49298
25784
28799
27805
58869
60629
3331
47309
49038
8063
27172
57274
60335
11748
44117
19026
63798
12401
46630
25799
16173
43156
23042
42273
1259
43645
29366
55114
8717
35293
25059
58015
61077
53859
20284
54410
48952
23615
36183
32454
31679
63356
24192
26478
9568
2773
45505
7830
15174
26599
33629
31347
4219
56671
8084
5479
34780
37451
60593
43498
7208
20117
35977
2749
8440
56262
57159
57392
14341
27806
24311
46020
25626
48503
6963
35194
51277
52468
43024
915
13531
11117
32263
17751
2253
40347
23230
37033
12262
18287
14995
19470
38404
50973
22219
46844
41699
13842
38701
56040
41649
63012
36525
1739
45979
43488
36934
31720
30420
14422
32636
43951
25540
64899
61702
27793
39710
19396
64826
51973
37684
14286
5907
10552
65259
28127
57397
41422
41969
30562
31926
18082
28038
2915
19822
8481
46403
56756
40202
11287
5642
7302
55239
31182
6665
51405
58975
46375
5266
58266
32812
42950
7016
38720
53502
6739
1311
45363
48161
43280
10389
14551
61363
38427
17467
15649
46909
63870
6869
21575
9622
12511
28877
64861
43694
35542
50730
37133
16381
55996
29863
49194
33410
36879
22378
21377
43618
23689
1204
26243
1433
11594
40795
62796
50021
58262
12909
31394
56596
19778
52969
682
32290
16310
7
10448
51852
50738
47581
2698
41198
11909
51892
9073
48788
8734
30450
26871
32423
31654
53114
33856
43248
28373
31117
27734
21099
44026
59128
12160
63805
46562
12842
30559
62872
12850
41007
49189
63588
23052
51887
39250
34961
38243
48323
18214
46977
13237
45085
13864
44892
32663
47720
22604
61037
13301
50338
16600
57328
43931
28760
55597
24957
41603
20620
22293
54453
61627
5946
52505
19143
57833
26219
54105
30540
9007
6783
11981
22244
51868
25845
1600
18995
8030
24205
14496
21331
9007
31097
13123
52938
59857
3184
12359
35924
23804
34653
24841
19895
40599
11810
39039
32897
38030
27608
63437
47037
34391
9883
3745
20723
35728
5346
39718
43758
29551
54215
65090
38558
19776
12677
25961
14097
15862
38320
50022
39666
7437
9327
59562
48037
21138
33065
15398
59168
60673
13299
40669
29528
23182
44414
50251
58911
49760
24433
37133
13775
13112
36687
52334
32888
49365
12759
46986
65227
51079
31472
39357
58517
40799
33383
41018
61937
912
56416
55569
61585
4179
30702
25577
27362
9581
10292
20737
59341
34726
57870
7581
47838
29022
59915
15191
12851
7138
62177
12542
58217
28113
51899
51198
3376
19747
26680
65314
20659
17560
55347
16709
21740
20514
42286
49102
30095
52579
4303
23900
21769
62173
31481
4071
25659
25860
19262
38510
32998
15903
51052
25680
44016
37416
11342
47393
57163
38023
47171
12286
55583
36982
28995
11787
57496
5746
60889
22055
58325
65192
